granularity=shape: 70 cells, 15.0 trajectories per cell
data/bundles/grab.npz: 1048 trajectories
holding out 6 compositions

 seed  budget  swapped   held  covered  per comp  status
--------------------------------------------------------------
    0      64       63      6        6      5.33  ok

    1      64       63      6        6      5.33  ok

    2      64       63      6        6      5.33  ok

    3      64       63      6        6      5.33  ok

    4      64       62      6        6      5.33  ok

    5      64       62      6        6      5.33  ok

    6      64       62      6        6      5.33  ok

    7      64       61      6        6      5.33  ok

    8      64       62      6        6      5.33  ok

    9      64       60      6        5      6.40  ok

   10      64       61      6        5      6.40  ok

   11      64       62      6        6      5.33  ok

   12      64       62      6        6      5.33  ok

   13      64       60      6        6      5.33  ok

   14      64       61      6        6      5.33  ok

   15      64       61      6        6      5.33  ok

   16      64       63      6        6      5.33  ok

   17      64       61      6        6      5.33  ok

   18      64       63      6        6      5.33  ok

   19      64       63      6        6      5.33  ok

   20      64       62      6        6      5.33  ok

   21      64       61      6        6      5.33  ok

   22      64       60      6        6      5.33  ok

   23      64       61      6        6      5.33  ok

   24      64       60      6        6      5.33  ok

   25      64       59      6        6      5.33  ok

   26      64       60      6        6      5.33  ok

   27      64       63      6        6      5.33  ok

   28      64       63      6        6      5.33  ok

   29      64       60      6        6      5.33  ok

   30      64       64      6        6      5.33  ok

   31      64       60      6        6      5.33  ok

   32      64       60      6        6      5.33  ok

   33      64       62      6        6      5.33  ok

   34      64       64      6        6      5.33  ok

   35      64       61      6        6      5.33  ok

   36      64       62      6        6      5.33  ok

   37      64       61      6        6      5.33  ok

   38      64       63      6        6      5.33  ok

   39      64       61      6        6      5.33  ok

--------------------------------------------------------------
Coverage is adequate; a zero penalty would be a real finding.
