granularity=oakink2_scene_primitive: 79 cells, 26.9 trajectories per cell
data/bundles/oakink2_primseg.npz: 2128 trajectories
holding out 5 compositions

 seed  budget  swapped   held  covered  per comp  status
--------------------------------------------------------------
    0     256      227      5        5     14.60  ok

    1     256      239      5        5     18.20  ok

    2     256      228      5        5     13.80  ok

    3     256      234      5        5     25.60  ok

    4     256      229      5        5     16.80  ok

    5     256      232      5        5     13.40  ok

    6     256      232      5        5      8.00  ok

    7     256      236      5        5      8.80  ok

    8     256      235      5        5     14.60  ok

    9     256      237      5        5     16.80  ok

   10     256      238      5        5     16.20  ok

   11     256      224      5        5      9.80  ok

   12     256      230      5        5     11.00  ok

   13     256      234      5        5     20.00  ok

   14     256      237      5        5     20.80  ok

   15     256      229      5        5     16.60  ok

   16     256      235      5        5     16.60  ok

   17     256      236      5        5     13.00  ok

   18     256      228      5        5     10.80  ok

   19     256      231      5        5     11.00  ok

   20     256      224      5        5     11.20  ok

   21     256      232      5        5     10.00  ok

   22     256      224      5        5      8.80  ok

   23     256      233      5        5     15.80  ok

   24     256      243      5        5     23.80  ok

   25     256      230      5        5     13.80  ok

   26     256      236      5        5     10.20  ok

   27     256      227      5        5     11.40  ok

   28     256      235      5        5     16.20  ok

   29     256      226      5        5     11.20  ok

   30     256      229      5        5     13.80  ok

   31     256      238      5        5     16.60  ok

   32     256      238      5        5     15.80  ok

   33     256      234      5        5     25.60  ok

   34     256      232      5        5     21.20  ok

   35     256      236      5        5     14.60  ok

   36     256      242      5        5     25.60  ok

   37     256      233      5        5     12.20  ok

   38     256      233      5        5      9.00  ok

   39     256      235      5        5     15.80  ok

--------------------------------------------------------------
Coverage is adequate; a zero penalty would be a real finding.
