data/bundles/oakink2.npz: 609 trajectories
holding out 6 compositions

 seed  budget  swapped   held  covered  per comp  status
--------------------------------------------------------------
  100     256      141      6        6      5.50  ok

  101     256      150      6        6      6.50  ok

  102     256      149      6        6      7.00  ok

  103     256      149      6        6      8.00  ok

  104     256      147      6        6      5.83  ok

  105     256      155      6        6      9.67  ok

  106     256      149      6        6      5.50  ok

  107     256      143      6        6      8.83  ok

  108     256      143      6        6      7.00  ok

  109     256      146      6        6      5.00  ok

  110     256      155      6        6      8.00  ok

  111     256      153      6        6      8.33  ok

  112     256      151      6        6      6.33  ok

  113     256      159      6        6      7.50  ok

  114     256      154      6        6      7.33  ok

  115     256      161      6        6      7.00  ok

  116     256      150      6        6      8.00  ok

  117     256      147      6        6      7.33  ok

  118     256      155      6        6      7.00  ok

  119     256      149      6        6      8.33  ok

  120     256      159      6        6      6.00  ok

  121     256      140      6        6      6.83  ok

  122     256      145      6        6      8.33  ok

  123     256      156      6        6      6.67  ok

  124     256      149      6        6      3.83  ok

  125     256      146      6        6      9.17  ok

  126     256      146      6        6     11.17  ok

  127     256      152      6        6      6.00  ok

  128     256      157      6        6      8.83  ok

  129     256      144      6        6      9.83  ok

  130     256      147      6        6      6.83  ok

  131     256      152      6        6      5.00  ok

  132     256      141      6        6      6.00  ok

  133     256      149      6        6      5.33  ok

  134     256      154      6        6      5.67  ok

  135     256      157      6        6      7.50  ok

  136     256      142      6        6      4.83  ok

  137     256      149      6        6      6.33  ok

  138     256      153      6        6      5.83  ok

  139     256      149      6        6      5.00  ok

--------------------------------------------------------------
Coverage is adequate; a zero penalty would be a real finding.
