granularity=oakink2_scene_primitive: 79 cells, 26.9 trajectories per cell
data/bundles/oakink2_primseg.npz: 2128 trajectories
holding out 5 compositions

 seed  budget  swapped   held  covered  per comp  status
--------------------------------------------------------------
  300     896      538      5        5     19.40  ok

  301     896      520      5        5     15.40  ok

  302     896      543      5        5     13.80  ok

  303     896      535      5        5      9.00  ok

  304     896      513      5        5     20.20  ok

  305     896      521      5        5     13.40  ok

  306     896      522      5        5     25.00  ok

  307     896      517      5        5     18.20  ok

  308     896      526      5        5     12.80  ok

  309     896      518      5        5     13.80  ok

  310     896      535      5        5      9.80  ok

  311     896      521      5        5     21.00  ok

  312     896      540      5        5     18.00  ok

  313     896      518      5        5      9.00  ok

  314     896      542      5        5     16.80  ok

  315     896      530      5        5     16.60  ok

  316     896      517      5        5     10.80  ok

  317     896      533      5        5     15.00  ok

  318     896      527      5        5     16.80  ok

  319     896      530      5        5     25.00  ok

  320     896      522      5        5      7.60  ok

  321     896      533      5        5      5.80  ok

  322     896      527      5        5     14.60  ok

  323     896      516      5        5     27.80  ok

  324     896      508      5        5      8.40  ok

  325     896      530      5        5     13.40  ok

  326     896      536      5        5      9.40  ok

  327     896      523      5        5     29.20  ok

  328     896      508      5        5      8.60  ok

  329     896      503      5        5     13.00  ok

  330     896      526      5        5     13.40  ok

  331     896      517      5        5     14.60  ok

  332     896      522      5        5     11.20  ok

  333     896      515      5        5      8.40  ok

  334     896      522      5        5      9.80  ok

  335     896      529      5        5     16.60  ok

  336     896      538      5        5     30.20  ok

  337     896      525      5        5     13.00  ok

  338     896      524      5        5     13.60  ok

  339     896      521      5        5     10.20  ok

--------------------------------------------------------------
Coverage is adequate; a zero penalty would be a real finding.
