granularity=shape: 70 cells, 15.0 trajectories per cell
data/bundles/grab_planted.npz: 1048 trajectories
holding out 6 compositions

 seed  budget  swapped   held  covered  per comp  status
--------------------------------------------------------------
    0     256      208      6        6     13.50  ok

    1     256      205      6        6     15.00  ok

    2     256      209      6        6      9.67  ok

    3     256      198      6        6      9.67  ok

    4     256      205      6        6      9.67  ok

    5     256      209      6        6     13.33  ok

    6     256      212      6        6     14.50  ok

    7     256      211      6        6     10.83  ok

    8     256      201      6        6     13.83  ok

    9     256      221      6        5     20.20  ok

   10     256      195      6        5     13.40  ok

   11     256      203      6        6     14.33  ok

   12     256      195      6        6     11.00  ok

   13     256      196      6        6     11.83  ok

   14     256      209      6        6     14.17  ok

   15     256      201      6        6     14.00  ok

   16     256      207      6        6     10.67  ok

   17     256      206      6        6     16.17  ok

   18     256      207      6        6     15.00  ok

   19     256      215      6        6     17.17  ok

   20     256      218      6        6     16.50  ok

   21     256      206      6        6     11.33  ok

   22     256      212      6        6     15.17  ok

   23     256      207      6        6     16.00  ok

   24     256      198      6        6     11.17  ok

   25     256      215      6        6     12.00  ok

   26     256      209      6        6      7.33  ok

   27     256      208      6        6     17.00  ok

   28     256      215      6        6     11.50  ok

   29     256      195      6        6     11.00  ok

   30     256      194      6        6      9.17  ok

   31     256      207      6        6     13.00  ok

   32     256      208      6        6     13.00  ok

   33     256      214      6        6      9.00  ok

   34     256      210      6        6     11.50  ok

   35     256      206      6        6     14.33  ok

   36     256      211      6        6     17.50  ok

   37     256      203      6        6     10.50  ok

   38     256      198      6        6     10.67  ok

   39     256      203      6        6     15.00  ok

--------------------------------------------------------------
Coverage is adequate; a zero penalty would be a real finding.
