granularity=shape: 70 cells, 14.1 trajectories per cell
data/bundles/grab_grasp.npz: 990 trajectories
holding out 6 compositions

 seed  budget  swapped   held  covered  per comp  status
--------------------------------------------------------------
    0     256      204      6        6     14.00  ok

    1     256      203      6        6     13.17  ok

    2     256      201      6        6     11.50  ok

    3     256      202      6        6     11.50  ok

    4     256      188      6        6     12.83  ok

    5     256      197      6        6     13.67  ok

    6     256      207      6        6     13.17  ok

    7     256      199      6        6     10.83  ok

    8     256      204      6        6      9.83  ok

    9     256      201      6        6     13.33  ok

   10     256      202      6        6      9.67  ok

   11     256      192      6        6      9.33  ok

   12     256      197      6        6     12.83  ok

   13     256      211      6        6     10.83  ok

   14     256      204      6        6     10.67  ok

   15     256      195      6        6     10.83  ok

   16     256      192      6        5     13.20  ok

   17     256      201      6        6     11.33  ok

   18     256      205      6        6     13.33  ok

   19     256      206      6        6     14.67  ok

   20     256      186      6        6      9.83  ok

   21     256      197      6        6     11.50  ok

   22     256      201      6        6     10.33  ok

   23     256      209      6        6     12.50  ok

   24     256      193      6        6     10.00  ok

   25     256      201      6        6     12.17  ok

   26     256      198      6        6      9.50  ok

   27     256      199      6        6     13.17  ok

   28     256      201      6        6     12.67  ok

   29     256      207      6        6     13.50  ok

   30     256      193      6        6      8.83  ok

   31     256      202      6        6      8.50  ok

   32     256      201      6        6     11.50  ok

   33     256      207      6        6     12.83  ok

   34     256      199      6        6     11.33  ok

   35     256      201      6        6     10.33  ok

   36     256      199      6        6     14.00  ok

   37     256      202      6        6      9.17  ok

   38     256      192      6        6     10.17  ok

   39     256      195      6        5     15.00  ok

--------------------------------------------------------------
Coverage is adequate; a zero penalty would be a real finding.
